1 0.068
2 0.028
3 0.022
4 0.018
5 0.018
6 0.018
7 0.018
8 0.022
9 0.020
10 0.019
11 0.018
12 0.018
13 0.027
14 0.019
15 0.018
16 0.018
17 0.017
18 0.018
19 0.018
20 0.020
21 0.019
22 0.028
23 0.019
24 0.018
25 0.018
26 0.018
27 0.019
28 0.018
29 0.021
30 0.019
31 0.018
32 0.018
33 0.019
34 0.018
35 0.018
36 0.017
37 0.018
38 0.019
39 0.018
40 0.018
41 0.017
42 0.018
43 0.018
44 0.017
45 0.018
46 0.019
47 0.018
48 0.018
49 0.017
50 0.018
51 0.019
52 0.018
53 0.018
54 0.017
55 0.018
56 0.018
57 0.018
58 0.018
59 0.018
60 0.018
61 0.018
62 0.018
63 0.018
64 0.019
65 0.018
66 0.018
67 0.018
68 0.019
69 0.018
70 0.018
71 0.018
72 0.031
73 0.024
74 0.018
75 0.018
76 0.018
77 0.018
78 0.018
79 0.018
80 0.018
81 0.027
82 0.018
83 0.034
84 0.027
85 0.021
86 0.020
87 0.019
88 0.018
89 0.031
90 0.022
91 0.021
92 0.019
93 0.019
94 0.018
95 0.017
96 0.018
97 0.032
98 0.018
99 0.018
100 0.017
101 0.017
102 0.017
103 0.019
104 0.019
105 0.018
106 0.017
107 0.018
108 0.018
109 0.019
110 0.019
111 0.019
112 0.019
113 0.018
114 0.018
115 0.018
116 0.018
117 0.018
118 0.018
119 0.018
120 0.017
121 0.018
122 0.019
123 0.018
124 0.017
125 0.018
126 0.019
127 0.018
128 0.018
129 0.018
130 0.019
131 0.018
132 0.017
133 0.025
134 0.018
135 0.020
136 0.018
137 0.019
138 0.018
139 0.018
140 0.018
141 0.019
142 0.044
143 0.020
144 0.018
145 0.018
146 0.018
147 0.018
148 0.017
149 0.019
150 0.018
151 0.018
152 0.018
153 0.020
154 0.017
155 0.018
156 0.018
157 0.018
158 0.018
159 0.018
160 0.018
161 0.018
162 0.018
163 0.017
164 0.017
165 0.018
166 0.018
167 0.018
168 0.018
169 0.018
170 0.018
171 0.019
172 0.019
173 0.018
174 0.018
175 0.018
176 0.018
177 0.018
178 0.018
179 0.018
180 0.018
181 0.018
182 0.018
183 0.018
184 0.018
185 0.018
186 0.018
187 0.018
188 0.019
189 0.018
190 0.019
191 0.019
192 0.018
193 0.018
194 0.025
195 0.018
196 0.018
197 0.018
198 0.018
199 0.018
200 0.018
201 0.019
202 0.018
203 0.018
204 0.026
205 0.018
206 0.019
207 0.017
208 0.018
209 0.018
210 0.018
211 0.018
212 0.018
213 0.018
214 0.018
215 0.018
216 0.032
217 0.018
218 0.018
219 0.018
220 0.018
221 0.018
222 0.018
223 0.018
224 0.018
225 0.018
226 0.018
227 0.018
228 0.018
229 0.018
230 0.018
231 0.018
232 0.018
233 0.018
234 0.018
235 0.018
236 0.018
237 0.018
238 0.018
239 0.018
240 0.019
241 0.018
242 0.018
243 0.018
244 0.018
245 0.018
246 0.019
247 0.018
248 0.018
249 0.018
250 0.018
251 0.018
252 0.020
253 0.018
254 0.019
255 0.018
256 0.018
257 0.021
258 0.020
259 0.018
260 0.018
261 0.018
262 0.019
263 0.019
264 0.018
265 0.018
266 0.026
267 0.019
268 0.031
269 0.018
270 0.018
271 0.018
272 0.018
273 0.018
274 0.019
275 0.018
276 0.019
277 0.018
278 0.018
279 0.031
280 0.018
281 0.018
282 0.017
283 0.017
284 0.018
285 0.018
286 0.018
287 0.019
288 0.018
289 0.020
290 0.018
291 0.018
292 0.018
293 0.018
294 0.018
295 0.019
296 0.018
297 0.018
298 0.018
299 0.018
300 0.019
301 0.018
302 0.018
303 0.018
304 0.018
305 0.018
306 0.018
307 0.018
308 0.018
309 0.018
310 0.018
311 0.018
312 0.018
313 0.018
314 0.020
315 0.019
316 0.018
317 0.022
318 0.019
319 0.018
320 0.018
321 0.018
322 0.018
323 0.018
324 0.019
325 0.019
326 0.025
327 0.019
328 0.031
329 0.018
330 0.018
331 0.018
332 0.017
333 0.018
334 0.018
335 0.018
336 0.018
337 0.019
338 0.018
339 0.018
340 0.018
341 0.031
342 0.018
343 0.018
344 0.018
345 0.018
346 0.018
347 0.018
348 0.018
349 0.019
350 0.020
351 0.018
352 0.018
353 0.018
354 0.018
355 0.018
356 0.018
357 0.018
358 0.018
359 0.018
360 0.018
361 0.018
362 0.019
363 0.030
364 0.018
365 0.018
366 0.018
367 0.018
368 0.018
369 0.018
370 0.018
371 0.018
372 0.018
373 0.018
374 0.019
375 0.018
376 0.018
377 0.018
378 0.023
379 0.032
380 0.018
381 0.018
382 0.018
383 0.018
384 0.018
385 0.018
386 0.018
387 0.026
388 0.019
389 0.018
390 0.018
391 0.018
392 0.018
393 0.017
394 0.018
395 0.025
396 0.042
397 0.022
398 0.023
399 0.019
400 0.018
401 0.018
402 0.018
403 0.021
404 0.018
405 0.018
406 0.017
407 0.018
408 0.018
409 0.017
410 0.017
411 0.018
412 0.018
413 0.018
414 0.018
415 0.018
416 0.018
417 0.018
418 0.019
419 0.018
420 0.018
421 0.018
422 0.018
423 0.018
424 0.018
425 0.018
426 0.018
427 0.018
428 0.019
429 0.018
430 0.017
431 0.018
432 0.017
433 0.018
434 0.018
435 0.018
436 0.017
437 0.018
438 0.018
439 0.025
440 0.019
441 0.019
442 0.018
443 0.018
444 0.018
445 0.018
446 0.019
447 0.019
448 0.043
449 0.020
450 0.018
451 0.018
452 0.018
453 0.018
454 0.018
455 0.018
456 0.018
457 0.018
458 0.021
459 0.018
460 0.018
461 0.018
462 0.018
463 0.018
464 0.019
465 0.031
466 0.019
467 0.018
468 0.018
469 0.018
470 0.019
471 0.018
472 0.018
473 0.018
474 0.018
475 0.018
476 0.018
477 0.018
478 0.018
479 0.018
480 0.018
481 0.018
482 0.018
483 0.018
484 0.018
485 0.018
486 0.018
487 0.018
488 0.018
489 0.018
490 0.018
491 0.018
492 0.017
493 0.018
494 0.018
495 0.018
496 0.018
497 0.018
498 0.018
499 0.026
500 0.020
501 0.019
502 0.018
503 0.018
504 0.018
505 0.018
506 0.018
507 0.019
508 0.019
509 0.025
510 0.019
511 0.018
512 0.018
513 0.018
514 0.018
515 0.018
516 0.018
517 0.018
518 0.019
519 0.019
520 0.018
521 0.018
522 0.018
523 0.018
524 0.018
525 0.018
526 0.018
527 0.018
528 0.018
529 0.018
530 0.018
531 0.018
532 0.018
533 0.018
534 0.018
535 0.018
536 0.018
537 0.017
538 0.018
539 0.018
540 0.018
541 0.018
542 0.017
543 0.018
544 0.018
545 0.018
546 0.017
547 0.018
548 0.018
549 0.017
550 0.018
551 0.018
552 0.018
553 0.018
554 0.018
555 0.018
556 0.018
557 0.018
558 0.018
559 0.023
560 0.018
561 0.019
562 0.018
563 0.018
564 0.018
565 0.018
566 0.018
567 0.019
568 0.018
569 0.024
570 0.018
571 0.018
572 0.018
573 0.018
574 0.018
575 0.018
576 0.018
577 0.018
578 0.018
579 0.018
580 0.018
581 0.018
582 0.018
583 0.018
584 0.018
585 0.018
586 0.018
587 0.018
588 0.018
589 0.031
590 0.018
591 0.018
592 0.018
593 0.017
594 0.018
595 0.018
596 0.018
597 0.018
598 0.018
599 0.018
600 0.018
601 0.018
602 0.018
603 0.017
604 0.019
605 0.018
606 0.018
607 0.018
608 0.018
609 0.018
610 0.018
611 0.018
612 0.018
613 0.018
614 0.017
615 0.018
616 0.018
617 0.018
618 0.018
619 0.018
620 0.023
621 0.018
622 0.019
623 0.019
624 0.018
625 0.018
626 0.018
627 0.018
628 0.019
629 0.018
630 0.024
631 0.019
632 0.018
633 0.018
634 0.018
635 0.018
636 0.018
637 0.017
638 0.018
639 0.018
640 0.019
641 0.018
642 0.018
643 0.018
644 0.018
645 0.017
646 0.018
647 0.018
648 0.018
649 0.018
650 0.018
651 0.031
652 0.018
653 0.020
654 0.018
655 0.018
656 0.018
657 0.018
658 0.018
659 0.019
660 0.018
661 0.018
662 0.018
663 0.019
664 0.018
665 0.018
666 0.017
667 0.018
668 0.018
669 0.018
670 0.018
671 0.018
672 0.018
673 0.017
674 0.018
675 0.018
676 0.018
677 0.018
678 0.019
679 0.018
680 0.018
681 0.024
682 0.018
683 0.019
684 0.018
685 0.018
686 0.018
687 0.019
688 0.017
689 0.020
690 0.018
691 0.024
692 0.019
693 0.018
694 0.031
695 0.018
696 0.019
697 0.018
698 0.018
699 0.033
700 0.019
701 0.020
702 0.018
703 0.019
704 0.018
705 0.018
706 0.028
707 0.021
708 0.018
709 0.019
710 0.018
711 0.018
712 0.018
713 0.049
714 0.018
715 0.018
716 0.018
717 0.018
718 0.018
719 0.020
720 0.018
721 0.018
722 0.017
723 0.018
724 0.018
725 0.019
726 0.019
727 0.018
728 0.018
729 0.018
730 0.018
731 0.018
732 0.018
733 0.031
734 0.018
735 0.018
736 0.018
737 0.019
738 0.018
739 0.019
740 0.018
741 0.018
742 0.024
743 0.020
744 0.018
745 0.018
746 0.018
747 0.018
748 0.018
749 0.020
750 0.018
751 0.027
752 0.028
753 0.018
754 0.018
755 0.017
756 0.017
757 0.018
758 0.018
759 0.019
760 0.018
761 0.018
762 0.019
763 0.019
764 0.018
765 0.018
766 0.018
767 0.018
768 0.018
769 0.018
770 0.018
771 0.018
772 0.031
773 0.018
774 0.018
775 0.018
776 0.031
777 0.017
778 0.018
779 0.018
780 0.019
781 0.019
782 0.018
783 0.018
784 0.018
785 0.018
786 0.018
787 0.019
788 0.017
789 0.018
790 0.018
791 0.018
792 0.018
793 0.018
794 0.017
795 0.018
796 0.018
797 0.018
798 0.018
799 0.018
800 0.018
801 0.018
802 0.018
803 0.024
804 0.018
805 0.019
806 0.018
807 0.018
808 0.018
809 0.018
810 0.019
811 0.018
812 0.027
813 0.018
814 0.018
815 0.018
816 0.018
817 0.018
818 0.018
819 0.018
820 0.018
821 0.018
822 0.019
823 0.018
824 0.018
825 0.018
826 0.018
827 0.018
828 0.018
829 0.018
830 0.018
831 0.018
832 0.018
833 0.018
834 0.019
835 0.018
836 0.018
837 0.019
838 0.017
839 0.018
840 0.018
841 0.018
842 0.017
843 0.018
844 0.018
845 0.018
846 0.018
847 0.018
848 0.018
849 0.018
850 0.018
851 0.018
852 0.018
853 0.018
854 0.018
855 0.017
856 0.018
857 0.018
858 0.018
859 0.018
860 0.017
861 0.018
862 0.018
863 0.023
864 0.019
865 0.020
866 0.018
867 0.018
868 0.018
869 0.018
870 0.017
871 0.018
872 0.018
873 0.025
874 0.019
875 0.018
876 0.018
877 0.018
878 0.018
879 0.018
880 0.018
881 0.018
882 0.018
883 0.018
884 0.018
885 0.019
886 0.018
887 0.018
888 0.018
889 0.018
890 0.018
891 0.018
892 0.018
893 0.018
894 0.018
895 0.018
896 0.021
897 0.018
898 0.018
899 0.018
900 0.030
901 0.018
902 0.018
903 0.018
904 0.018
905 0.018
906 0.018
907 0.018
908 0.018
909 0.018
910 0.018
911 0.018
912 0.018
913 0.018
914 0.018
915 0.018
916 0.018
917 0.027
918 0.018
919 0.018
920 0.019
921 0.018
922 0.019
923 0.018
924 0.018
925 0.023
926 0.019
927 0.018
928 0.018
929 0.018
930 0.018
931 0.018
932 0.021
933 0.018
934 0.025
935 0.019
936 0.019
937 0.019
938 0.018
939 0.019
940 0.018
941 0.018
942 0.018
943 0.018
944 0.018
945 0.020
946 0.018
947 0.018
948 0.017
949 0.018
950 0.018
951 0.018
952 0.019
953 0.019
954 0.018
955 0.019
956 0.018
957 0.020
958 0.019
959 0.018
960 0.018
961 0.018
962 0.020
963 0.019
964 0.018
965 0.018
966 0.018
967 0.018
968 0.032
969 0.020
970 0.018
971 0.018
972 0.018
973 0.018
974 0.018
975 0.019
976 0.018
977 0.018
978 0.018
979 0.018
980 0.018
981 0.019
982 0.018
983 0.019
984 0.018
985 0.022
986 0.019
987 0.019
988 0.019
989 0.018
990 0.018
991 0.018
992 0.018
993 0.020
994 0.025
995 0.018
996 0.018
997 0.019
998 0.018
999 0.019
1000 0.019
