1 0.069
2 0.020
3 0.032
4 0.024
5 0.017
6 0.017
7 0.037
8 0.027
9 0.017
10 0.019
11 0.017
12 0.019
13 0.016
14 0.016
15 0.017
16 0.018
17 0.017
18 0.017
19 0.016
20 0.017
21 0.019
22 0.016
23 0.017
24 0.017
25 0.016
26 0.017
27 0.016
28 0.017
29 0.017
30 0.016
31 0.018
32 0.017
33 0.017
34 0.016
35 0.016
36 0.017
37 0.017
38 0.016
39 0.016
40 0.018
41 0.017
42 0.019
43 0.017
44 0.017
45 0.016
46 0.016
47 0.017
48 0.018
49 0.016
50 0.016
51 0.016
52 0.019
53 0.019
54 0.017
55 0.016
56 0.017
57 0.017
58 0.017
59 0.017
60 0.017
61 0.017
62 0.016
63 0.018
64 0.017
65 0.017
66 0.016
67 0.017
68 0.018
69 0.017
70 0.017
71 0.017
72 0.017
73 0.019
74 0.017
75 0.019
76 0.017
77 0.017
78 0.017
79 0.017
80 0.017
81 0.017
82 0.016
83 0.016
84 0.017
85 0.016
86 0.019
87 0.017
88 0.017
89 0.017
90 0.016
91 0.017
92 0.017
93 0.016
94 0.026
95 0.018
96 0.020
97 0.017
98 0.016
99 0.017
100 0.017
101 0.019
102 0.017
103 0.016
104 0.017
105 0.017
106 0.017
107 0.016
108 0.017
109 0.017
110 0.017
111 0.019
112 0.019
113 0.017
114 0.017
115 0.017
116 0.017
117 0.019
118 0.017
119 0.023
120 0.017
121 0.016
122 0.017
123 0.018
124 0.017
125 0.017
126 0.016
127 0.017
128 0.018
129 0.016
130 0.016
131 0.017
132 0.017
133 0.016
134 0.017
135 0.018
136 0.016
137 0.017
138 0.018
139 0.017
140 0.019
141 0.017
142 0.017
143 0.017
144 0.017
145 0.017
146 0.017
147 0.018
148 0.017
149 0.017
150 0.017
151 0.019
152 0.016
153 0.017
154 0.017
155 0.018
156 0.017
157 0.017
158 0.017
159 0.017
160 0.017
161 0.019
162 0.017
163 0.017
164 0.017
165 0.017
166 0.016
167 0.017
168 0.017
169 0.016
170 0.016
171 0.017
172 0.019
173 0.017
174 0.016
175 0.017
176 0.017
177 0.017
178 0.017
179 0.017
180 0.017
181 0.016
182 0.019
183 0.017
184 0.017
185 0.016
186 0.017
187 0.017
188 0.017
189 0.017
190 0.017
191 0.017
192 0.017
193 0.019
194 0.017
195 0.017
196 0.016
197 0.016
198 0.017
199 0.017
200 0.017
201 0.017
202 0.016
203 0.018
204 0.017
205 0.016
206 0.016
207 0.018
208 0.019
209 0.017
210 0.016
211 0.017
212 0.016
213 0.017
214 0.017
215 0.018
216 0.017
217 0.017
218 0.018
219 0.017
220 0.017
221 0.016
222 0.016
223 0.017
224 0.017
225 0.017
226 0.016
227 0.017
228 0.017
229 0.018
230 0.016
231 0.017
232 0.017
233 0.017
234 0.016
235 0.017
236 0.017
237 0.017
238 0.017
239 0.019
240 0.016
241 0.017
242 0.016
243 0.017
244 0.016
245 0.016
246 0.017
247 0.017
248 0.016
249 0.017
250 0.018
251 0.017
252 0.016
253 0.016
254 0.017
255 0.017
256 0.016
257 0.016
258 0.017
259 0.017
260 0.018
261 0.017
262 0.016
263 0.017
264 0.016
265 0.017
266 0.017
267 0.017
268 0.016
269 0.017
270 0.016
271 0.019
272 0.019
273 0.017
274 0.017
275 0.017
276 0.017
277 0.017
278 0.017
279 0.018
280 0.017
281 0.017
282 0.019
283 0.017
284 0.017
285 0.017
286 0.016
287 0.017
288 0.016
289 0.017
290 0.017
291 0.018
292 0.018
293 0.017
294 0.016
295 0.017
296 0.016
297 0.017
298 0.017
299 0.017
300 0.017
301 0.017
302 0.018
303 0.017
304 0.017
305 0.017
306 0.017
307 0.017
308 0.017
309 0.017
310 0.017
311 0.018
312 0.017
313 0.019
314 0.016
315 0.017
316 0.016
317 0.017
318 0.017
319 0.017
320 0.018
321 0.016
322 0.016
323 0.017
324 0.017
325 0.017
326 0.016
327 0.017
328 0.017
329 0.016
330 0.018
331 0.017
332 0.017
333 0.017
334 0.016
335 0.017
336 0.017
337 0.017
338 0.017
339 0.017
340 0.016
341 0.018
342 0.017
343 0.017
344 0.016
345 0.017
346 0.019
347 0.017
348 0.016
349 0.017
350 0.017
351 0.018
352 0.017
353 0.017
354 0.017
355 0.018
356 0.016
357 0.018
358 0.017
359 0.017
360 0.017
361 0.017
362 0.017
363 0.017
364 0.017
365 0.017
366 0.017
367 0.019
368 0.017
369 0.017
370 0.017
371 0.017
372 0.017
373 0.017
374 0.017
375 0.017
376 0.016
377 0.017
378 0.018
379 0.017
380 0.017
381 0.017
382 0.016
383 0.017
384 0.017
385 0.017
386 0.017
387 0.017
388 0.019
389 0.016
390 0.017
391 0.017
392 0.016
393 0.016
394 0.016
395 0.017
396 0.019
397 0.016
398 0.016
399 0.017
400 0.016
401 0.016
402 0.016
403 0.017
404 0.017
405 0.017
406 0.019
407 0.017
408 0.016
409 0.017
410 0.017
411 0.017
412 0.016
413 0.017
414 0.016
415 0.017
416 0.017
417 0.018
418 0.017
419 0.017
420 0.017
421 0.017
422 0.017
423 0.017
424 0.017
425 0.017
426 0.017
427 0.019
428 0.017
429 0.017
430 0.017
431 0.019
432 0.019
433 0.017
434 0.017
435 0.017
436 0.016
437 0.017
438 0.017
439 0.018
440 0.016
441 0.016
442 0.019
443 0.018
444 0.017
445 0.016
446 0.016
447 0.017
448 0.016
449 0.017
450 0.017
451 0.017
452 0.016
453 0.018
454 0.017
455 0.017
456 0.017
457 0.016
458 0.017
459 0.017
460 0.017
461 0.016
462 0.017
463 0.019
464 0.017
465 0.017
466 0.017
467 0.017
468 0.017
469 0.016
470 0.016
471 0.017
472 0.017
473 0.017
474 0.019
475 0.017
476 0.019
477 0.016
478 0.016
479 0.017
480 0.017
481 0.016
482 0.016
483 0.017
484 0.016
485 0.017
486 0.025
487 0.017
488 0.016
489 0.016
490 0.043
491 0.017
492 0.017
493 0.016
494 0.017
495 0.019
496 0.017
497 0.016
498 0.017
499 0.017
500 0.017
501 0.016
502 0.017
503 0.016
504 0.017
505 0.018
506 0.017
507 0.016
508 0.016
509 0.017
510 0.017
511 0.017
512 0.017
513 0.017
514 0.017
515 0.017
516 0.019
517 0.016
518 0.017
519 0.017
520 0.016
521 0.017
522 0.018
523 0.017
524 0.016
525 0.017
526 0.018
527 0.017
528 0.017
529 0.017
530 0.017
531 0.019
532 0.017
533 0.017
534 0.017
535 0.016
536 0.017
537 0.017
538 0.017
539 0.017
540 0.016
541 0.018
542 0.017
543 0.016
544 0.016
545 0.017
546 0.017
547 0.017
548 0.017
549 0.016
550 0.017
551 0.016
552 0.019
553 0.017
554 0.017
555 0.017
556 0.016
557 0.016
558 0.017
559 0.017
560 0.016
561 0.017
562 0.019
563 0.017
564 0.016
565 0.016
566 0.017
567 0.017
568 0.017
569 0.016
570 0.018
571 0.016
572 0.016
573 0.018
574 0.017
575 0.017
576 0.017
577 0.017
578 0.017
579 0.017
580 0.016
581 0.017
582 0.017
583 0.018
584 0.016
585 0.016
586 0.017
587 0.017
588 0.017
589 0.016
590 0.017
591 0.016
592 0.016
593 0.017
594 0.019
595 0.016
596 0.017
597 0.017
598 0.017
599 0.018
600 0.017
601 0.016
602 0.017
603 0.016
604 0.016
605 0.016
606 0.018
607 0.017
608 0.017
609 0.018
610 0.017
611 0.016
612 0.016
613 0.017
614 0.017
615 0.017
616 0.017
617 0.016
618 0.017
619 0.017
620 0.018
621 0.017
622 0.017
623 0.017
624 0.017
625 0.016
626 0.017
627 0.017
628 0.016
629 0.016
630 0.019
631 0.017
632 0.017
633 0.017
634 0.017
635 0.018
636 0.017
637 0.016
638 0.017
639 0.017
640 0.016
641 0.017
642 0.018
643 0.016
644 0.017
645 0.019
646 0.017
647 0.016
648 0.016
649 0.016
650 0.017
651 0.017
652 0.016
653 0.016
654 0.017
655 0.019
656 0.017
657 0.017
658 0.017
659 0.017
660 0.017
661 0.016
662 0.017
663 0.017
664 0.017
665 0.017
666 0.019
667 0.016
668 0.016
669 0.017
670 0.017
671 0.016
672 0.017
673 0.017
674 0.017
675 0.017
676 0.018
677 0.017
678 0.017
679 0.017
680 0.017
681 0.016
682 0.017
683 0.017
684 0.016
685 0.017
686 0.017
687 0.018
688 0.016
689 0.017
690 0.017
691 0.017
692 0.016
693 0.017
694 0.017
695 0.017
696 0.017
697 0.019
698 0.017
699 0.017
700 0.017
701 0.016
702 0.017
703 0.017
704 0.016
705 0.017
706 0.017
707 0.016
708 0.019
709 0.017
710 0.018
711 0.016
712 0.017
713 0.017
714 0.017
715 0.018
716 0.017
717 0.017
718 0.017
719 0.017
720 0.017
721 0.017
722 0.017
723 0.017
724 0.016
725 0.018
726 0.017
727 0.016
728 0.016
729 0.017
730 0.017
731 0.017
732 0.016
733 0.016
734 0.017
735 0.017
736 0.018
737 0.017
738 0.017
739 0.017
740 0.016
741 0.017
742 0.017
743 0.016
744 0.017
745 0.017
746 0.019
747 0.017
748 0.017
749 0.017
750 0.017
751 0.016
752 0.017
753 0.016
754 0.017
755 0.017
756 0.017
757 0.019
758 0.017
759 0.016
760 0.016
761 0.017
762 0.017
763 0.017
764 0.016
765 0.017
766 0.017
767 0.018
768 0.017
769 0.017
770 0.017
771 0.017
772 0.017
773 0.017
774 0.017
775 0.017
776 0.016
777 0.016
778 0.019
779 0.018
780 0.017
781 0.017
782 0.017
783 0.017
784 0.017
785 0.017
786 0.017
787 0.017
788 0.017
789 0.018
790 0.017
791 0.016
792 0.017
793 0.017
794 0.018
795 0.017
796 0.017
797 0.017
798 0.017
799 0.017
800 0.018
801 0.017
802 0.017
803 0.017
804 0.017
805 0.017
806 0.017
807 0.017
808 0.017
809 0.016
810 0.019
811 0.016
812 0.016
813 0.017
814 0.017
815 0.017
816 0.016
817 0.017
818 0.017
819 0.017
820 0.017
821 0.018
822 0.017
823 0.017
824 0.017
825 0.017
826 0.017
827 0.017
828 0.017
829 0.016
830 0.018
831 0.019
832 0.016
833 0.017
834 0.017
835 0.016
836 0.017
837 0.016
838 0.017
839 0.017
840 0.016
841 0.018
842 0.017
843 0.017
844 0.016
845 0.017
846 0.017
847 0.017
848 0.017
849 0.017
850 0.017
851 0.016
852 0.019
853 0.016
854 0.017
855 0.017
856 0.017
857 0.016
858 0.017
859 0.017
860 0.017
861 0.017
862 0.019
863 0.017
864 0.017
865 0.017
866 0.017
867 0.016
868 0.016
869 0.016
870 0.017
871 0.018
872 0.017
873 0.016
874 0.017
875 0.017
876 0.017
877 0.016
878 0.017
879 0.017
880 0.016
881 0.018
882 0.018
883 0.017
884 0.016
885 0.017
886 0.017
887 0.017
888 0.017
889 0.016
890 0.017
891 0.016
892 0.018
893 0.016
894 0.017
895 0.016
896 0.017
897 0.017
898 0.017
899 0.016
900 0.016
901 0.017
902 0.019
903 0.017
904 0.016
905 0.017
906 0.017
907 0.017
908 0.016
909 0.017
910 0.017
911 0.016
912 0.017
913 0.018
914 0.017
915 0.017
916 0.017
917 0.021
918 0.018
919 0.017
920 0.017
921 0.016
922 0.017
923 0.019
924 0.017
925 0.017
926 0.018
927 0.017
928 0.017
929 0.017
930 0.018
931 0.017
932 0.017
933 0.017
934 0.019
935 0.017
936 0.016
937 0.017
938 0.018
939 0.018
940 0.017
941 0.017
942 0.017
943 0.017
944 0.017
945 0.017
946 0.017
947 0.017
948 0.017
949 0.018
950 0.017
951 0.017
952 0.017
953 0.016
954 0.017
955 0.017
956 0.016
957 0.017
958 0.017
959 0.017
960 0.018
961 0.017
962 0.018
963 0.017
964 0.017
965 0.016
966 0.017
967 0.017
968 0.017
969 0.016
970 0.020
971 0.017
972 0.016
973 0.017
974 0.017
975 0.017
976 0.017
977 0.016
978 0.017
979 0.016
980 0.017
981 0.019
982 0.017
983 0.016
984 0.016
985 0.016
986 0.017
987 0.017
988 0.017
989 0.017
990 0.018
991 0.018
992 0.017
993 0.017
994 0.017
995 0.016
996 0.017
997 0.017
998 0.017
999 0.019
1000 0.017
