1 0.067
2 0.020
3 0.018
4 0.017
5 0.017
6 0.016
7 0.016
8 0.016
9 0.016
10 0.019
11 0.017
12 0.041
13 0.018
14 0.017
15 0.016
16 0.016
17 0.017
18 0.017
19 0.017
20 0.017
21 0.019
22 0.017
23 0.017
24 0.017
25 0.017
26 0.017
27 0.017
28 0.017
29 0.017
30 0.017
31 0.019
32 0.017
33 0.017
34 0.017
35 0.017
36 0.016
37 0.016
38 0.016
39 0.016
40 0.017
41 0.016
42 0.019
43 0.017
44 0.017
45 0.017
46 0.017
47 0.016
48 0.016
49 0.016
50 0.016
51 0.017
52 0.019
53 0.017
54 0.017
55 0.016
56 0.016
57 0.016
58 0.016
59 0.017
60 0.017
61 0.017
62 0.017
63 0.019
64 0.017
65 0.017
66 0.017
67 0.017
68 0.018
69 0.017
70 0.016
71 0.017
72 0.017
73 0.019
74 0.017
75 0.017
76 0.017
77 0.017
78 0.018
79 0.017
80 0.017
81 0.017
82 0.017
83 0.017
84 0.019
85 0.017
86 0.017
87 0.017
88 0.016
89 0.016
90 0.017
91 0.017
92 0.017
93 0.017
94 0.020
95 0.017
96 0.017
97 0.018
98 0.017
99 0.017
100 0.016
101 0.016
102 0.017
103 0.017
104 0.017
105 0.019
106 0.016
107 0.017
108 0.017
109 0.017
110 0.018
111 0.017
112 0.017
113 0.017
114 0.017
115 0.019
116 0.017
117 0.017
118 0.017
119 0.017
120 0.016
121 0.016
122 0.016
123 0.017
124 0.017
125 0.017
126 0.020
127 0.016
128 0.016
129 0.016
130 0.016
131 0.016
132 0.017
133 0.017
134 0.017
135 0.017
136 0.018
137 0.017
138 0.017
139 0.017
140 0.017
141 0.017
142 0.017
143 0.016
144 0.016
145 0.017
146 0.016
147 0.019
148 0.017
149 0.017
150 0.017
151 0.017
152 0.016
153 0.017
154 0.016
155 0.017
156 0.017
157 0.019
158 0.018
159 0.017
160 0.017
161 0.017
162 0.017
163 0.017
164 0.017
165 0.017
166 0.017
167 0.017
168 0.019
169 0.016
170 0.016
171 0.016
172 0.016
173 0.017
174 0.017
175 0.016
176 0.017
177 0.017
178 0.019
179 0.016
180 0.016
181 0.017
182 0.018
183 0.018
184 0.017
185 0.017
186 0.016
187 0.016
188 0.016
189 0.019
190 0.018
191 0.017
192 0.017
193 0.017
194 0.016
195 0.016
196 0.016
197 0.016
198 0.017
199 0.019
200 0.017
201 0.017
202 0.016
203 0.017
204 0.017
205 0.017
206 0.018
207 0.017
208 0.017
209 0.017
210 0.019
211 0.017
212 0.017
213 0.017
214 0.017
215 0.016
216 0.016
217 0.017
218 0.016
219 0.017
220 0.018
221 0.017
222 0.017
223 0.017
224 0.016
225 0.016
226 0.016
227 0.016
228 0.016
229 0.016
230 0.016
231 0.019
232 0.017
233 0.016
234 0.017
235 0.017
236 0.017
237 0.017
238 0.017
239 0.017
240 0.020
241 0.016
242 0.016
243 0.017
244 0.017
245 0.017
246 0.017
247 0.017
248 0.017
249 0.016
250 0.019
251 0.017
252 0.017
253 0.017
254 0.017
255 0.017
256 0.017
257 0.017
258 0.017
259 0.017
260 0.017
261 0.019
262 0.016
263 0.017
264 0.017
265 0.016
266 0.016
267 0.018
268 0.017
269 0.017
270 0.017
271 0.019
272 0.017
273 0.017
274 0.017
275 0.017
276 0.017
277 0.017
278 0.017
279 0.017
280 0.017
281 0.016
282 0.019
283 0.017
284 0.017
285 0.017
286 0.018
287 0.016
288 0.017
289 0.017
290 0.016
291 0.017
292 0.019
293 0.017
294 0.016
295 0.016
296 0.016
297 0.016
298 0.017
299 0.017
300 0.022
301 0.017
302 0.018
303 0.017
304 0.017
305 0.017
306 0.016
307 0.016
308 0.016
309 0.017
310 0.020
311 0.017
312 0.017
313 0.016
314 0.017
315 0.016
316 0.017
317 0.017
318 0.017
319 0.016
320 0.017
321 0.021
322 0.017
323 0.017
324 0.017
325 0.017
326 0.017
327 0.016
328 0.017
329 0.017
330 0.017
331 0.020
332 0.017
333 0.017
334 0.017
335 0.017
336 0.017
337 0.017
338 0.016
339 0.017
340 0.017
341 0.016
342 0.019
343 0.017
344 0.017
345 0.017
346 0.017
347 0.016
348 0.016
349 0.016
350 0.017
351 0.025
352 0.021
353 0.017
354 0.017
355 0.017
356 0.017
357 0.017
358 0.017
359 0.017
360 0.016
361 0.016
362 0.016
363 0.020
364 0.017
365 0.017
366 0.017
367 0.017
368 0.017
369 0.017
370 0.017
371 0.016
372 0.017
373 0.020
374 0.017
375 0.017
376 0.016
377 0.016
378 0.017
379 0.017
380 0.017
381 0.017
382 0.017
383 0.016
384 0.020
385 0.017
386 0.017
387 0.017
388 0.016
389 0.016
390 0.017
391 0.017
392 0.017
393 0.016
394 0.021
395 0.017
396 0.017
397 0.016
398 0.017
399 0.017
400 0.017
401 0.017
402 0.017
403 0.016
404 0.017
405 0.020
406 0.017
407 0.017
408 0.017
409 0.017
410 0.017
411 0.016
412 0.016
413 0.017
414 0.017
415 0.020
416 0.016
417 0.016
418 0.016
419 0.016
420 0.017
421 0.017
422 0.017
423 0.017
424 0.017
425 0.017
426 0.020
427 0.016
428 0.016
429 0.017
430 0.017
431 0.016
432 0.016
433 0.016
434 0.016
435 0.016
436 0.028
437 0.018
438 0.017
439 0.017
440 0.017
441 0.016
442 0.016
443 0.016
444 0.016
445 0.016
446 0.017
447 0.019
448 0.017
449 0.018
450 0.017
451 0.017
452 0.017
453 0.017
454 0.017
455 0.016
456 0.017
457 0.016
458 0.016
459 0.019
460 0.017
461 0.017
462 0.018
463 0.017
464 0.017
465 0.017
466 0.016
467 0.017
468 0.017
469 0.017
470 0.019
471 0.017
472 0.017
473 0.016
474 0.017
475 0.016
476 0.016
477 0.016
478 0.017
479 0.017
480 0.019
481 0.017
482 0.016
483 0.016
484 0.017
485 0.017
486 0.017
487 0.017
488 0.017
489 0.017
490 0.017
491 0.019
492 0.017
493 0.017
494 0.017
495 0.017
496 0.017
497 0.016
498 0.017
499 0.017
500 0.017
501 0.019
502 0.017
503 0.017
504 0.016
505 0.016
506 0.016
507 0.017
508 0.017
509 0.017
510 0.018
511 0.017
512 0.019
513 0.017
514 0.017
515 0.017
516 0.025
517 0.017
518 0.016
519 0.016
520 0.017
521 0.016
522 0.018
523 0.016
524 0.016
525 0.016
526 0.017
527 0.017
528 0.016
529 0.016
530 0.016
531 0.018
532 0.017
533 0.019
534 0.017
535 0.017
536 0.017
537 0.016
538 0.016
539 0.016
540 0.017
541 0.017
542 0.017
543 0.020
544 0.017
545 0.017
546 0.017
547 0.017
548 0.017
549 0.016
550 0.016
551 0.017
552 0.017
553 0.020
554 0.017
555 0.017
556 0.017
557 0.017
558 0.017
559 0.017
560 0.017
561 0.017
562 0.017
563 0.017
564 0.020
565 0.017
566 0.017
567 0.017
568 0.016
569 0.017
570 0.017
571 0.017
572 0.017
573 0.017
574 0.020
575 0.017
576 0.017
577 0.017
578 0.016
579 0.016
580 0.017
581 0.017
582 0.016
583 0.016
584 0.016
585 0.020
586 0.017
587 0.016
588 0.017
589 0.017
590 0.018
591 0.017
592 0.017
593 0.016
594 0.017
595 0.020
596 0.016
597 0.017
598 0.017
599 0.017
600 0.017
601 0.017
602 0.018
603 0.017
604 0.017
605 0.017
606 0.019
607 0.017
608 0.017
609 0.019
610 0.017
611 0.017
612 0.017
613 0.016
614 0.017
615 0.016
616 0.017
617 0.016
618 0.016
619 0.018
620 0.016
621 0.016
622 0.017
623 0.016
624 0.017
625 0.016
626 0.017
627 0.017
628 0.017
629 0.017
630 0.019
631 0.017
632 0.017
633 0.017
634 0.016
635 0.016
636 0.016
637 0.016
638 0.016
639 0.017
640 0.019
641 0.017
642 0.017
643 0.018
644 0.017
645 0.017
646 0.017
647 0.017
648 0.017
649 0.017
650 0.017
651 0.019
652 0.017
653 0.017
654 0.017
655 0.016
656 0.017
657 0.016
658 0.017
659 0.017
660 0.017
661 0.019
662 0.016
663 0.017
664 0.017
665 0.017
666 0.017
667 0.017
668 0.017
669 0.016
670 0.017
671 0.017
672 0.018
673 0.017
674 0.017
675 0.018
676 0.017
677 0.017
678 0.017
679 0.017
680 0.017
681 0.017
682 0.019
683 0.017
684 0.016
685 0.017
686 0.017
687 0.016
688 0.016
689 0.016
690 0.017
691 0.021
692 0.016
693 0.016
694 0.016
695 0.016
696 0.017
697 0.017
698 0.017
699 0.017
700 0.017
701 0.021
702 0.017
703 0.017
704 0.017
705 0.017
706 0.016
707 0.017
708 0.016
709 0.017
710 0.017
711 0.017
712 0.020
713 0.017
714 0.017
715 0.017
716 0.017
717 0.016
718 0.016
719 0.016
720 0.016
721 0.017
722 0.020
723 0.017
724 0.017
725 0.017
726 0.017
727 0.017
728 0.016
729 0.017
730 0.017
731 0.016
732 0.017
733 0.020
734 0.017
735 0.017
736 0.017
737 0.016
738 0.017
739 0.017
740 0.017
741 0.017
742 0.016
743 0.020
744 0.017
745 0.016
746 0.016
747 0.016
748 0.016
749 0.016
750 0.017
751 0.016
752 0.017
753 0.017
754 0.020
755 0.017
756 0.016
757 0.016
758 0.016
759 0.016
760 0.016
761 0.016
762 0.017
763 0.017
764 0.020
765 0.017
766 0.016
767 0.017
768 0.024
769 0.020
770 0.017
771 0.017
772 0.017
773 0.017
774 0.017
775 0.018
776 0.017
777 0.017
778 0.017
779 0.017
780 0.016
781 0.016
782 0.016
783 0.016
784 0.017
785 0.018
786 0.017
787 0.016
788 0.016
789 0.016
790 0.016
791 0.016
792 0.016
793 0.017
794 0.016
795 0.017
796 0.019
797 0.017
798 0.016
799 0.016
800 0.017
801 0.017
802 0.017
803 0.017
804 0.017
805 0.017
806 0.019
807 0.017
808 0.016
809 0.017
810 0.016
811 0.016
812 0.016
813 0.017
814 0.016
815 0.017
816 0.017
817 0.019
818 0.018
819 0.016
820 0.016
821 0.016
822 0.016
823 0.016
824 0.016
825 0.017
826 0.017
827 0.018
828 0.016
829 0.016
830 0.017
831 0.017
832 0.017
833 0.016
834 0.018
835 0.017
836 0.017
837 0.016
838 0.019
839 0.017
840 0.017
841 0.025
842 0.017
843 0.017
844 0.017
845 0.017
846 0.017
847 0.017
848 0.019
849 0.017
850 0.017
851 0.016
852 0.016
853 0.016
854 0.017
855 0.017
856 0.017
857 0.017
858 0.016
859 0.018
860 0.016
861 0.017
862 0.017
863 0.017
864 0.017
865 0.017
866 0.017
867 0.017
868 0.017
869 0.018
870 0.016
871 0.017
872 0.017
873 0.017
874 0.017
875 0.017
876 0.017
877 0.017
878 0.017
879 0.017
880 0.019
881 0.017
882 0.017
883 0.017
884 0.017
885 0.017
886 0.017
887 0.017
888 0.017
889 0.017
890 0.018
891 0.017
892 0.017
893 0.017
894 0.017
895 0.017
896 0.017
897 0.017
898 0.017
899 0.017
900 0.017
901 0.019
902 0.017
903 0.017
904 0.017
905 0.017
906 0.017
907 0.017
908 0.017
909 0.017
910 0.017
911 0.019
912 0.017
913 0.017
914 0.017
915 0.017
916 0.017
917 0.017
918 0.017
919 0.019
920 0.017
921 0.017
922 0.017
923 0.017
924 0.017
925 0.017
926 0.016
927 0.020
928 0.017
929 0.019
930 0.016
931 0.016
932 0.016
933 0.016
934 0.016
935 0.019
936 0.017
937 0.017
938 0.017
939 0.017
940 0.017
941 0.017
942 0.017
943 0.017
944 0.017
945 0.017
946 0.019
947 0.017
948 0.016
949 0.017
950 0.017
951 0.017
952 0.016
953 0.016
954 0.016
955 0.016
956 0.019
957 0.017
958 0.017
959 0.016
960 0.016
961 0.017
962 0.017
963 0.017
964 0.017
965 0.017
966 0.017
967 0.020
968 0.017
969 0.017
970 0.017
971 0.017
972 0.017
973 0.016
974 0.016
975 0.017
976 0.017
977 0.019
978 0.017
979 0.017
980 0.017
981 0.017
982 0.016
983 0.017
984 0.017
985 0.016
986 0.016
987 0.016
988 0.018
989 0.016
990 0.016
991 0.016
992 0.016
993 0.017
994 0.017
995 0.017
996 0.016
997 0.017
998 0.019
999 0.017
1000 0.016
